nchar(binaryID)
starting_points <- rid[nchar(binaryID)==max(nchar(binaryID))]
starting_points
max_nchar = 1
starting_points <- rid[nchar(binaryID)==max_nchar]
starting_points
index = 75
index
prev_str1
prev_str1[index]
rid[rid==prev_str1[index]]
prev_str1[index]
prev_str1[index]
index = 75
prev_str1[index]
rid[rid==prev_str1[index]]
prev_str1[index]
index = rid[prev_str1[index]]
index
prev_str1[index]
index = 75
while(prev_str1[index]!=0){
binaryID[rid==prev_str1[index]] <- paste0(binaryID[index], "0")
index = rid[prev_str1[index]]
}
binaryID
nxt_str <- c(31, 56, 23, 45, 44, 27, 51, 22, 51, 23, 37, 34, 17, -1, 37, 17, 22, 72, 31, 72, -1, 34, 27, 46, 54, 45, 32, -1, 47, 44, 32, 67, -1, 46, 48, 66, 54, -1, -1, 50, 61, -1, 50, 78, 56, 47, 48, 55, 55, -1, -1, 80, 82, 66, 67, 61, -1, 79, -1, 75, 69, 76, 69, 73, 76, -1, 78, -1, -1, 84, 82, 73, 75, 87, -1, 85, 87, 79, 80, 85, 84, -1, 88, 86, 86, -1, 88)
prev_str1 <- c(0, 0, 0, 0, 0, 0, 0, 0, 0, 0, 0, 0, 0, 0, 0, 0, 13, 0, 0, 0, 0, 8, 10, 0, 0, 0, 6, 0, 0, 0, 1, 27, 0, 12, 0, 0, 11, 0, 0, 0, 0, 0, 0, 5, 4, 24, 46, 47, 0, 40, 7, 0, 0, 25, 48, 2, 0, 0, 0, 0, 56, 0, 0, 0, 0, 54, 32, 0, 63, 0, 0, 20, 64, 0, 73, 65, 0, 44, 58, 79, 0, 53, 0, 81, 76, 84, 74)
prev_str2 <- c(0, 0, 0, 0, 0, 0, 0, 0, 0, 0, 0, 0, 0, 0, 0, 0, 16, 0, 0, 0, 0, 17, 3, 0, 0, 0, 23, 0, 0, 0, 19, 31, 0, 22, 0, 0, 15, 0, 0, 0, 0, 0, 0, 30, 26, 34, 29, 35, 0, 43, 9, 0, 0, 37, 49, 45, 0, 0, 0, 0, 41, 0, 0, 0, 0, 36, 55, 0, 61, 0, 0, 18, 72, 0, 60, 62, 0, 67, 78, 52, 0, 71, 0, 70, 80, 85, 77)
binaryID <- rep("", length(nxt_str))
rid <- c(1, 2, 3, 4, 5, 6, 7, 8, 9, 10, 11, 12, 13, 14, 15, 16, 17, 18, 19, 20, 21, 22, 23, 24, 25, 26, 27, 28, 29, 30, 31, 32, 33, 34, 35, 36, 37, 38, 39, 40, 41, 42, 43, 44, 45, 46, 47, 48, 49, 50, 51, 52, 53, 54, 55, 56, 57, 58, 59, 60, 61, 62, 63, 64, 65, 66, 67, 68, 69, 70, 71, 72, 73, 74, 75, 76, 77, 78, 79, 80, 81, 82, 83, 84, 85, 86, 87)
binaryID[nxt_str==-1] <- '1'
for(j in 1:length(nxt_str)){
for(i in 1:length(nxt_str)){
if(binaryID[i]>0){
if(prev_str1[i]>0){
binaryID[rid==prev_str1[i]] <- (paste0(binaryID[i], "0"))
}
if(prev_str2[i]>0){
binaryID[rid==prev_str2[i]] <- (paste0(binaryID[i], "1"))
}
}
}
}
binaryID
nxt_str
nxt_str <- c(31, 56, 23, 45, 44, 27, 51, 22, 51, 23, 37, 34, 17, -1, 37, 17, 22, 72, 31, 72, -1, 34, 27, 46, 54, 45, 32, -1, 47, 44, 32, 67, -1, 46, 48, 66, 54, -1, -1, 50, 61, -1, 50, 78, 56, 47, 48, 55, 55, -1, -1, 80, 82, 66, 67, 61, -1, 79, -1, 75, 69, 76, 69, 73, 76, -1, 78, -1, -1, 84, 82, 73, 75, 87, -1, 85, 87, 79, 80, 85, 84, -1, 88, 86, 86, -1, 88)
prev_str1 <- c(0, 0, 0, 0, 0, 0, 0, 0, 0, 0, 0, 0, 0, 0, 0, 0, 13, 0, 0, 0, 0, 8, 10, 0, 0, 0, 6, 0, 0, 0, 1, 27, 0, 12, 0, 0, 11, 0, 0, 0, 0, 0, 0, 5, 4, 24, 46, 47, 0, 40, 7, 0, 0, 25, 48, 2, 0, 0, 0, 0, 56, 0, 0, 0, 0, 54, 32, 0, 63, 0, 0, 20, 64, 0, 73, 65, 0, 44, 58, 79, 0, 53, 0, 81, 76, 84, 74)
prev_str2 <- c(0, 0, 0, 0, 0, 0, 0, 0, 0, 0, 0, 0, 0, 0, 0, 0, 16, 0, 0, 0, 0, 17, 3, 0, 0, 0, 23, 0, 0, 0, 19, 31, 0, 22, 0, 0, 15, 0, 0, 0, 0, 0, 0, 30, 26, 34, 29, 35, 0, 43, 9, 0, 0, 37, 49, 45, 0, 0, 0, 0, 41, 0, 0, 0, 0, 36, 55, 0, 61, 0, 0, 18, 72, 0, 60, 62, 0, 67, 78, 52, 0, 71, 0, 70, 80, 85, 77)
binaryID <- rep("", length(nxt_str))
rid <- c(1, 2, 3, 4, 5, 6, 7, 8, 9, 10, 11, 12, 13, 14, 15, 16, 17, 18, 19, 20, 21, 22, 23, 24, 25, 26, 27, 28, 29, 30, 31, 32, 33, 34, 35, 36, 37, 38, 39, 40, 41, 42, 43, 44, 45, 46, 47, 48, 49, 50, 51, 52, 53, 54, 55, 56, 57, 58, 59, 60, 61, 62, 63, 64, 65, 66, 67, 68, 69, 70, 71, 72, 73, 74, 75, 76, 77, 78, 79, 80, 81, 82, 83, 84, 85, 86, 87)
binaryID[nxt_str==-1] <- '1'
binaryID
i <- 75
if(prev_str1[i]>0){
binaryID[rid==prev_str1[i]] <- (paste0(binaryID[i], "0"))
}
if(prev_str2[i]>0){
binaryID[rid==prev_str2[i]] <- (paste0(binaryID[i], "1"))
}
binaryID
i
i <- 75
left_i <- i
left_i
nxt_str <- c(31, 56, 23, 45, 44, 27, 51, 22, 51, 23, 37, 34, 17, -1, 37, 17, 22, 72, 31, 72, -1, 34, 27, 46, 54, 45, 32, -1, 47, 44, 32, 67, -1, 46, 48, 66, 54, -1, -1, 50, 61, -1, 50, 78, 56, 47, 48, 55, 55, -1, -1, 80, 82, 66, 67, 61, -1, 79, -1, 75, 69, 76, 69, 73, 76, -1, 78, -1, -1, 84, 82, 73, 75, 87, -1, 85, 87, 79, 80, 85, 84, -1, 88, 86, 86, -1, 88)
prev_str1 <- c(0, 0, 0, 0, 0, 0, 0, 0, 0, 0, 0, 0, 0, 0, 0, 0, 13, 0, 0, 0, 0, 8, 10, 0, 0, 0, 6, 0, 0, 0, 1, 27, 0, 12, 0, 0, 11, 0, 0, 0, 0, 0, 0, 5, 4, 24, 46, 47, 0, 40, 7, 0, 0, 25, 48, 2, 0, 0, 0, 0, 56, 0, 0, 0, 0, 54, 32, 0, 63, 0, 0, 20, 64, 0, 73, 65, 0, 44, 58, 79, 0, 53, 0, 81, 76, 84, 74)
prev_str2 <- c(0, 0, 0, 0, 0, 0, 0, 0, 0, 0, 0, 0, 0, 0, 0, 0, 16, 0, 0, 0, 0, 17, 3, 0, 0, 0, 23, 0, 0, 0, 19, 31, 0, 22, 0, 0, 15, 0, 0, 0, 0, 0, 0, 30, 26, 34, 29, 35, 0, 43, 9, 0, 0, 37, 49, 45, 0, 0, 0, 0, 41, 0, 0, 0, 0, 36, 55, 0, 61, 0, 0, 18, 72, 0, 60, 62, 0, 67, 78, 52, 0, 71, 0, 70, 80, 85, 77)
binaryID <- rep("", length(nxt_str))
rid <- c(1, 2, 3, 4, 5, 6, 7, 8, 9, 10, 11, 12, 13, 14, 15, 16, 17, 18, 19, 20, 21, 22, 23, 24, 25, 26, 27, 28, 29, 30, 31, 32, 33, 34, 35, 36, 37, 38, 39, 40, 41, 42, 43, 44, 45, 46, 47, 48, 49, 50, 51, 52, 53, 54, 55, 56, 57, 58, 59, 60, 61, 62, 63, 64, 65, 66, 67, 68, 69, 70, 71, 72, 73, 74, 75, 76, 77, 78, 79, 80, 81, 82, 83, 84, 85, 86, 87)
binaryID[nxt_str==-1] <- '1'
i <- 75
left_i <- i
prev_str1[i]>0
prev_str1[i]
prev_str1[i]
i <- 75
left_index <- prev_str1[i]
left_index
prev_str1[left_index]
rid==prev_str1[left_index]
i <- 75
left_index <- prev_str1[i]
left_index
i <- 75
left_index <- prev_str1[i]
while(left_index>0){
binaryID[rid==left_index] <- (paste0(binaryID[left_index], "0"))
left_index <- prev_str1[left_index]
}
left_index
binaryID
i <- 75
left_index <- prev_str1[i]
left_index
rid <- 75
rid <- 75
left_index <- prev_str1[rid]
nxt_str <- c(31, 56, 23, 45, 44, 27, 51, 22, 51, 23, 37, 34, 17, -1, 37, 17, 22, 72, 31, 72, -1, 34, 27, 46, 54, 45, 32, -1, 47, 44, 32, 67, -1, 46, 48, 66, 54, -1, -1, 50, 61, -1, 50, 78, 56, 47, 48, 55, 55, -1, -1, 80, 82, 66, 67, 61, -1, 79, -1, 75, 69, 76, 69, 73, 76, -1, 78, -1, -1, 84, 82, 73, 75, 87, -1, 85, 87, 79, 80, 85, 84, -1, 88, 86, 86, -1, 88)
prev_str1 <- c(0, 0, 0, 0, 0, 0, 0, 0, 0, 0, 0, 0, 0, 0, 0, 0, 13, 0, 0, 0, 0, 8, 10, 0, 0, 0, 6, 0, 0, 0, 1, 27, 0, 12, 0, 0, 11, 0, 0, 0, 0, 0, 0, 5, 4, 24, 46, 47, 0, 40, 7, 0, 0, 25, 48, 2, 0, 0, 0, 0, 56, 0, 0, 0, 0, 54, 32, 0, 63, 0, 0, 20, 64, 0, 73, 65, 0, 44, 58, 79, 0, 53, 0, 81, 76, 84, 74)
prev_str2 <- c(0, 0, 0, 0, 0, 0, 0, 0, 0, 0, 0, 0, 0, 0, 0, 0, 16, 0, 0, 0, 0, 17, 3, 0, 0, 0, 23, 0, 0, 0, 19, 31, 0, 22, 0, 0, 15, 0, 0, 0, 0, 0, 0, 30, 26, 34, 29, 35, 0, 43, 9, 0, 0, 37, 49, 45, 0, 0, 0, 0, 41, 0, 0, 0, 0, 36, 55, 0, 61, 0, 0, 18, 72, 0, 60, 62, 0, 67, 78, 52, 0, 71, 0, 70, 80, 85, 77)
binaryID <- rep("", length(nxt_str))
rid <- c(1, 2, 3, 4, 5, 6, 7, 8, 9, 10, 11, 12, 13, 14, 15, 16, 17, 18, 19, 20, 21, 22, 23, 24, 25, 26, 27, 28, 29, 30, 31, 32, 33, 34, 35, 36, 37, 38, 39, 40, 41, 42, 43, 44, 45, 46, 47, 48, 49, 50, 51, 52, 53, 54, 55, 56, 57, 58, 59, 60, 61, 62, 63, 64, 65, 66, 67, 68, 69, 70, 71, 72, 73, 74, 75, 76, 77, 78, 79, 80, 81, 82, 83, 84, 85, 86, 87)
binaryID[nxt_str==-1] <- '1'
id <- 75
left_index <- prev_str1[rid]
while(left_index>0){
binaryID[rid==left_index] <- (paste0(binaryID[id], "0"))
id <- left_index
left_index <- prev_str1[left_index]
}
left_index
prev_str1[left_index]
left_index
id
left_index
id <- 75
left_index <- prev_str1[id]
while(left_index>0){
binaryID[rid==left_index] <- (paste0(binaryID[id], "0"))
id <- left_index
left_index <- prev_str1[left_index]
}
binaryID
nxt_str <- c(31, 56, 23, 45, 44, 27, 51, 22, 51, 23, 37, 34, 17, -1, 37, 17, 22, 72, 31, 72, -1, 34, 27, 46, 54, 45, 32, -1, 47, 44, 32, 67, -1, 46, 48, 66, 54, -1, -1, 50, 61, -1, 50, 78, 56, 47, 48, 55, 55, -1, -1, 80, 82, 66, 67, 61, -1, 79, -1, 75, 69, 76, 69, 73, 76, -1, 78, -1, -1, 84, 82, 73, 75, 87, -1, 85, 87, 79, 80, 85, 84, -1, 88, 86, 86, -1, 88)
prev_str1 <- c(0, 0, 0, 0, 0, 0, 0, 0, 0, 0, 0, 0, 0, 0, 0, 0, 13, 0, 0, 0, 0, 8, 10, 0, 0, 0, 6, 0, 0, 0, 1, 27, 0, 12, 0, 0, 11, 0, 0, 0, 0, 0, 0, 5, 4, 24, 46, 47, 0, 40, 7, 0, 0, 25, 48, 2, 0, 0, 0, 0, 56, 0, 0, 0, 0, 54, 32, 0, 63, 0, 0, 20, 64, 0, 73, 65, 0, 44, 58, 79, 0, 53, 0, 81, 76, 84, 74)
prev_str2 <- c(0, 0, 0, 0, 0, 0, 0, 0, 0, 0, 0, 0, 0, 0, 0, 0, 16, 0, 0, 0, 0, 17, 3, 0, 0, 0, 23, 0, 0, 0, 19, 31, 0, 22, 0, 0, 15, 0, 0, 0, 0, 0, 0, 30, 26, 34, 29, 35, 0, 43, 9, 0, 0, 37, 49, 45, 0, 0, 0, 0, 41, 0, 0, 0, 0, 36, 55, 0, 61, 0, 0, 18, 72, 0, 60, 62, 0, 67, 78, 52, 0, 71, 0, 70, 80, 85, 77)
binaryID <- rep("", length(nxt_str))
rid <- c(1, 2, 3, 4, 5, 6, 7, 8, 9, 10, 11, 12, 13, 14, 15, 16, 17, 18, 19, 20, 21, 22, 23, 24, 25, 26, 27, 28, 29, 30, 31, 32, 33, 34, 35, 36, 37, 38, 39, 40, 41, 42, 43, 44, 45, 46, 47, 48, 49, 50, 51, 52, 53, 54, 55, 56, 57, 58, 59, 60, 61, 62, 63, 64, 65, 66, 67, 68, 69, 70, 71, 72, 73, 74, 75, 76, 77, 78, 79, 80, 81, 82, 83, 84, 85, 86, 87)
binaryID[nxt_str==-1] <- '1'
binaryID
rid[binaryID=='1']
i =rid[binaryID=='1']
prev_str1[i]
i
starts =rid[binaryID=='1']
prev_str1[i]
starts
index <- starts[i]
index
starts[i]
starts =rid[binaryID=='1']
starts
i
i=1
index <- starts[i]
index
prev_str[index]
prev_str1[index]
prev_str2[index]
plot(rid, prev_str1)
nxt_str
nxt_str[1]
binaryId[nxt_str[1]]
binaryId[nxt_str[2]]
binaryId[nxt_str[3]]
binaryId[nxt_str[4]]
binaryId[nxt_str[5]]
binaryId[nxt_str[6]]
binaryId[nxt_str[7]]
binaryId[nxt_str[8]]
nxt_str <- c(31, 56, 23, 45, 44, 27, 51, 22, 51, 23, 37, 34, 17, -1, 37, 17, 22, 72, 31, 72, -1, 34, 27, 46, 54, 45, 32, -1, 47, 44, 32, 67, -1, 46, 48, 66, 54, -1, -1, 50, 61, -1, 50, 78, 56, 47, 48, 55, 55, -1, -1, 80, 82, 66, 67, 61, -1, 79, -1, 75, 69, 76, 69, 73, 76, -1, 78, -1, -1, 84, 82, 73, 75, 87, -1, 85, 87, 79, 80, 85, 84, -1, 88, 86, 86, -1, 88)
prev_str1 <- c(0, 0, 0, 0, 0, 0, 0, 0, 0, 0, 0, 0, 0, 0, 0, 0, 13, 0, 0, 0, 0, 8, 10, 0, 0, 0, 6, 0, 0, 0, 1, 27, 0, 12, 0, 0, 11, 0, 0, 0, 0, 0, 0, 5, 4, 24, 46, 47, 0, 40, 7, 0, 0, 25, 48, 2, 0, 0, 0, 0, 56, 0, 0, 0, 0, 54, 32, 0, 63, 0, 0, 20, 64, 0, 73, 65, 0, 44, 58, 79, 0, 53, 0, 81, 76, 84, 74)
prev_str2 <- c(0, 0, 0, 0, 0, 0, 0, 0, 0, 0, 0, 0, 0, 0, 0, 0, 16, 0, 0, 0, 0, 17, 3, 0, 0, 0, 23, 0, 0, 0, 19, 31, 0, 22, 0, 0, 15, 0, 0, 0, 0, 0, 0, 30, 26, 34, 29, 35, 0, 43, 9, 0, 0, 37, 49, 45, 0, 0, 0, 0, 41, 0, 0, 0, 0, 36, 55, 0, 61, 0, 0, 18, 72, 0, 60, 62, 0, 67, 78, 52, 0, 71, 0, 70, 80, 85, 77)
binaryID <- rep("", length(nxt_str))
rid <- c(1, 2, 3, 4, 5, 6, 7, 8, 9, 10, 11, 12, 13, 14, 15, 16, 17, 18, 19, 20, 21, 22, 23, 24, 25, 26, 27, 28, 29, 30, 31, 32, 33, 34, 35, 36, 37, 38, 39, 40, 41, 42, 43, 44, 45, 46, 47, 48, 49, 50, 51, 52, 53, 54, 55, 56, 57, 58, 59, 60, 61, 62, 63, 64, 65, 66, 67, 68, 69, 70, 71, 72, 73, 74, 75, 76, 77, 78, 79, 80, 81, 82, 83, 84, 85, 86, 87)
binaryID[nxt_str==-1] <- '1'
binaryID[nxt_str[8]]
binaryID[nxt_str[1]]
binaryID[nxt_str[2]]
for(i in 1:length(binaryID)){
print(binaryID[nxt_str[i]])
}
binaryID[nxt_str[i]]
binaryID
length(binaryID)
print(binaryID[nxt_str[i]])
for(i in 1:length(binaryID)){
print(binaryID[nxt_str[i]])
}
i
nxt_str[i]
binaryID
nchar(binaryID)
nchar(binaryID)==0
nchar(binaryID)==0[1]
[nchar(binaryID)==0][1]
(nchar(binaryID)==0)[1]
binaryID[(nchar(binaryID)==0)]
rid[(nchar(binaryID)==0)[1]]
index <- rid[(nchar(binaryID)==0)[1]]
index
(nchar(binaryID)==0)[1]
index <- rid[(nchar(binaryID)==0)][1]
index
nxt_str[index]
print(binaryID[nxt_str[index]])
(nchar(binaryID)==0)
while(any((nchar(binaryID)==0)))
any((nchar(binaryID)==0))
index <- rid[(nchar(binaryID)==0)][1]
index
binaryID[nxt_str[index]]
while(any((nchar(binaryID)==0))){
index <- rid[(nchar(binaryID)==0)][1]
if(binaryID[nxt_str[index]]!=''){
binaryID[index] <- paste0(binaryID[nxt_str[index]], '1')
}
}
binaryID
index
while(any((nchar(binaryID)==0))){
for(i in 1:length(binaryID)){
index <- rid[(nchar(binaryID)==0)][i]
if(binaryID[nxt_str[index]]!=''){
binaryID[index] <- paste0(binaryID[nxt_str[index]], '1')
}
}
}
i
binaryID
nxt_str[index]
binaryID[nxt_str[index]]
nxt_str[index]
length(nxt_str)
rid
rid==88
sum(rid==88)
nxt_str <- c(31, 56, 23, 45, 44, 27, 51, 22, 51, 23, 37, 34, 17, -1, 37, 17, 22, 72, 31, 72, -1, 34, 27, 46, 54, 45, 32, -1, 47, 44, 32, 67, -1, 46, 48, 66, 54, -1, -1, 50, 61, -1, 50, 78, 56, 47, 48, 55, 55, -1, -1, 80, 82, 66, 67, 61, -1, 79, -1, 75, 69, 76, 69, 73, 76, -1, 78, -1, -1, 84, 82, 73, 75, 87, -1, 85, 87, 79, 80, 85, 84, -1, 88, 86, 86, -1, 88)
prev_str1 <- c(0, 0, 0, 0, 0, 0, 0, 0, 0, 0, 0, 0, 0, 0, 0, 0, 13, 0, 0, 0, 0, 8, 10, 0, 0, 0, 6, 0, 0, 0, 1, 27, 0, 12, 0, 0, 11, 0, 0, 0, 0, 0, 0, 5, 4, 24, 46, 47, 0, 40, 7, 0, 0, 25, 48, 2, 0, 0, 0, 0, 56, 0, 0, 0, 0, 54, 32, 0, 63, 0, 0, 20, 64, 0, 73, 65, 0, 44, 58, 79, 0, 53, 0, 81, 76, 84, 74)
prev_str2 <- c(0, 0, 0, 0, 0, 0, 0, 0, 0, 0, 0, 0, 0, 0, 0, 0, 16, 0, 0, 0, 0, 17, 3, 0, 0, 0, 23, 0, 0, 0, 19, 31, 0, 22, 0, 0, 15, 0, 0, 0, 0, 0, 0, 30, 26, 34, 29, 35, 0, 43, 9, 0, 0, 37, 49, 45, 0, 0, 0, 0, 41, 0, 0, 0, 0, 36, 55, 0, 61, 0, 0, 18, 72, 0, 60, 62, 0, 67, 78, 52, 0, 71, 0, 70, 80, 85, 77)
binaryID <- rep("", length(nxt_str))
rid <- c(1, 2, 3, 4, 5, 6, 7, 8, 9, 10, 11, 12, 13, 14, 15, 16, 17, 18, 19, 20, 21, 22, 23, 24, 25, 26, 27, 28, 29, 30, 31, 32, 33, 34, 35, 36, 37, 38, 39, 40, 41, 42, 43, 44, 45, 46, 47, 48, 49, 50, 51, 52, 53, 54, 55, 56, 57, 58, 59, 60, 61, 62, 63, 64, 65, 66, 67, 68, 69, 70, 71, 72, 73, 74, 75, 76, 77, 78, 79, 80, 81, 82, 83, 84, 85, 86, 87)
binaryID[nxt_str==-1] <- '1'
for(j in 1:length(nxt_str)){
for(i in 1:length(nxt_str)){
if(binaryID[i]>0){
if(prev_str1[i]>0){
binaryID[rid==prev_str1[i]] <- (paste0(binaryID[i], "0"))
}
if(prev_str2[i]>0){
binaryID[rid==prev_str2[i]] <- (paste0(binaryID[i], "1"))
}
}
}
}
binaryID
prev_str2
nxt_str
nxt_str <- c(31, 56, 23, 45, 44, 27, 51, 22, 51, 23, 37, 34, 17, -1, 37, 17, 22, 72, 31, 72, -1, 34, 27, 46, 54, 45, 32, -1, 47, 44, 32, 67, -1, 46, 48, 66, 54, -1, -1, 50, 61, -1, 50, 78, 56, 47, 48, 55, 55, -1, -1, 80, 82, 66, 67, 61, -1, 79, -1, 75, 69, 76, 69, 73, 76, -1, 78, -1, -1, 84, 82, 73, 75, 87, -1, 85, 87, 79, 80, 85, 84, -1, 88, 86, 86, -1, 88)
prev_str1 <- c(0, 0, 0, 0, 0, 0, 0, 0, 0, 0, 0, 0, 0, 0, 0, 0, 13, 0, 0, 0, 0, 8, 10, 0, 0, 0, 6, 0, 0, 0, 1, 27, 0, 12, 0, 0, 11, 0, 0, 0, 0, 0, 0, 5, 4, 24, 46, 47, 0, 40, 7, 0, 0, 25, 48, 2, 0, 0, 0, 0, 56, 0, 0, 0, 0, 54, 32, 0, 63, 0, 0, 20, 64, 0, 73, 65, 0, 44, 58, 79, 0, 53, 0, 81, 76, 84, 74)
prev_str2 <- c(0, 0, 0, 0, 0, 0, 0, 0, 0, 0, 0, 0, 0, 0, 0, 0, 16, 0, 0, 0, 0, 17, 3, 0, 0, 0, 23, 0, 0, 0, 19, 31, 0, 22, 0, 0, 15, 0, 0, 0, 0, 0, 0, 30, 26, 34, 29, 35, 0, 43, 9, 0, 0, 37, 49, 45, 0, 0, 0, 0, 41, 0, 0, 0, 0, 36, 55, 0, 61, 0, 0, 18, 72, 0, 60, 62, 0, 67, 78, 52, 0, 71, 0, 70, 80, 85, 77)
binaryID <- rep("", length(nxt_str))
rid <- c(1, 2, 3, 4, 5, 6, 7, 8, 9, 10, 11, 12, 13, 14, 15, 16, 17, 18, 19, 20, 21, 22, 23, 24, 25, 26, 27, 28, 29, 30, 31, 32, 33, 34, 35, 36, 37, 38, 39, 40, 41, 42, 43, 44, 45, 46, 47, 48, 49, 50, 51, 52, 53, 54, 55, 56, 57, 58, 59, 60, 61, 62, 63, 64, 65, 66, 67, 68, 69, 70, 71, 72, 73, 74, 75, 76, 77, 78, 79, 80, 81, 82, 83, 84, 85, 86, 87)+1
binaryID[nxt_str==-1] <- '1'
for(j in 1:length(nxt_str)){
for(i in 1:length(nxt_str)){
if(binaryID[i]>0){
if(prev_str1[i]>0){
binaryID[rid==prev_str1[i]] <- (paste0(binaryID[i], "0"))
}
if(prev_str2[i]>0){
binaryID[rid==prev_str2[i]] <- (paste0(binaryID[i], "1"))
}
}
}
}
binaryID
nxt_str <- c(31, 56, 23, 45, 44, 27, 51, 22, 51, 23, 37, 34, 17, -1, 37, 17, 22, 72, 31, 72, -1, 34, 27, 46, 54, 45, 32, -1, 47, 44, 32, 67, -1, 46, 48, 66, 54, -1, -1, 50, 61, -1, 50, 78, 56, 47, 48, 55, 55, -1, -1, 80, 82, 66, 67, 61, -1, 79, -1, 75, 69, 76, 69, 73, 76, -1, 78, -1, -1, 84, 82, 73, 75, 87, -1, 85, 87, 79, 80, 85, 84, -1, 88, 86, 86, -1, 88)
prev_str1 <- c(0, 0, 0, 0, 0, 0, 0, 0, 0, 0, 0, 0, 0, 0, 0, 0, 13, 0, 0, 0, 0, 8, 10, 0, 0, 0, 6, 0, 0, 0, 1, 27, 0, 12, 0, 0, 11, 0, 0, 0, 0, 0, 0, 5, 4, 24, 46, 47, 0, 40, 7, 0, 0, 25, 48, 2, 0, 0, 0, 0, 56, 0, 0, 0, 0, 54, 32, 0, 63, 0, 0, 20, 64, 0, 73, 65, 0, 44, 58, 79, 0, 53, 0, 81, 76, 84, 74)
prev_str2 <- c(0, 0, 0, 0, 0, 0, 0, 0, 0, 0, 0, 0, 0, 0, 0, 0, 16, 0, 0, 0, 0, 17, 3, 0, 0, 0, 23, 0, 0, 0, 19, 31, 0, 22, 0, 0, 15, 0, 0, 0, 0, 0, 0, 30, 26, 34, 29, 35, 0, 43, 9, 0, 0, 37, 49, 45, 0, 0, 0, 0, 41, 0, 0, 0, 0, 36, 55, 0, 61, 0, 0, 18, 72, 0, 60, 62, 0, 67, 78, 52, 0, 71, 0, 70, 80, 85, 77)
binaryID <- rep("", length(nxt_str))
rid <- c(1, 2, 3, 4, 5, 6, 7, 8, 9, 10, 11, 12, 13, 14, 15, 16, 17, 18, 19, 20, 21, 22, 23, 24, 25, 26, 27, 28, 29, 30, 31, 32, 33, 34, 35, 36, 37, 38, 39, 40, 41, 42, 43, 44, 45, 46, 47, 48, 49, 50, 51, 52, 53, 54, 55, 56, 57, 58, 59, 60, 61, 62, 63, 64, 65, 66, 67, 68, 69, 70, 71, 72, 73, 74, 75, 76, 77, 78, 79, 80, 81, 82, 83, 84, 85, 86, 87)
binaryID[nxt_str==-1] <- '1'
for(j in 1:length(nxt_str)){
for(i in 1:length(nxt_str)){
if(binaryID[i]>0){
if(prev_str1[i]>0){
binaryID[rid==prev_str1[i]] <- (paste0(binaryID[i], "0"))
}
if(prev_str2[i]>0){
binaryID[rid==prev_str2[i]] <- (paste0(binaryID[i], "1"))
}
}
}
}
binaryID
rid[74]
prev_str1
nxt_str
length(nxt_str)
nxt_str <- c(31, 56, 23, 45, 44, 27, 51, 22, 51, 23, 37, 34, 17, -1, 37, 17, 22, 72, 31, 72, -1, 34, 27, 46, 54, 45, 32, -1, 47, 44, 32, 67, -1, 46, 48, 66, 54, -1, -1, 50, 61, -1, 50, 78, 56, 47, 48, 55, 55, -1, -1, 80, 82, 66, 67, 61, -1, 79, -1, 75, 69, 76, 69, 73, 76, -1, 78, -1, -1, 84, 82, 73, 75, 87, -1, 85, 87, 79, 80, 85, 84, -1, 88, 86, 86, -1, 88, -1)
prev_str1 <- c(0, 0, 0, 0, 0, 0, 0, 0, 0, 0, 0, 0, 0, 0, 0, 0, 13, 0, 0, 0, 0, 8, 10, 0, 0, 0, 6, 0, 0, 0, 1, 27, 0, 12, 0, 0, 11, 0, 0, 0, 0, 0, 0, 5, 4, 24, 46, 47, 0, 40, 7, 0, 0, 25, 48, 2, 0, 0, 0, 0, 56, 0, 0, 0, 0, 54, 32, 0, 63, 0, 0, 20, 64, 0, 73, 65, 0, 44, 58, 79, 0, 53, 0, 81, 76, 84, 74, 87)
prev_str2 <- c(0, 0, 0, 0, 0, 0, 0, 0, 0, 0, 0, 0, 0, 0, 0, 0, 16, 0, 0, 0, 0, 17, 3, 0, 0, 0, 23, 0, 0, 0, 19, 31, 0, 22, 0, 0, 15, 0, 0, 0, 0, 0, 0, 30, 26, 34, 29, 35, 0, 43, 9, 0, 0, 37, 49, 45, 0, 0, 0, 0, 41, 0, 0, 0, 0, 36, 55, 0, 61, 0, 0, 18, 72, 0, 60, 62, 0, 67, 78, 52, 0, 71, 0, 70, 80, 85, 77, 83)
binaryID <- rep("", length(nxt_str))
rid <- c(1, 2, 3, 4, 5, 6, 7, 8, 9, 10, 11, 12, 13, 14, 15, 16, 17, 18, 19, 20, 21, 22, 23, 24, 25, 26, 27, 28, 29, 30, 31, 32, 33, 34, 35, 36, 37, 38, 39, 40, 41, 42, 43, 44, 45, 46, 47, 48, 49, 50, 51, 52, 53, 54, 55, 56, 57, 58, 59, 60, 61, 62, 63, 64, 65, 66, 67, 68, 69, 70, 71, 72, 73, 74, 75, 76, 77, 78, 79, 80, 81, 82, 83, 84, 85, 86, 87)
binaryID[nxt_str==-1] <- '1'
for(j in 1:length(nxt_str)){
for(i in 1:length(nxt_str)){
if(binaryID[i]>0){
if(prev_str1[i]>0){
binaryID[rid==prev_str1[i]] <- (paste0(binaryID[i], "0"))
}
if(prev_str2[i]>0){
binaryID[rid==prev_str2[i]] <- (paste0(binaryID[i], "1"))
}
}
}
}
binaryID
nxt_str <- c(31, 56, 23, 45, 44, 27, 51, 22, 51, 23, 37, 34, 17, -1, 37, 17, 22, 72, 31, 72, -1, 34, 27, 46, 54, 45, 32, -1, 47, 44, 32, 67, -1, 46, 48, 66, 54, -1, -1, 50, 61, -1, 50, 78, 56, 47, 48, 55, 55, -1, -1, 80, 82, 66, 67, 61, -1, 79, -1, 75, 69, 76, 69, 73, 76, -1, 78, -1, -1, 84, 82, 73, 75, 87, -1, 85, 87, 79, 80, 85, 84, -1, 88, 86, 86, -1, 88, -1)
prev_str1 <- c(0, 0, 0, 0, 0, 0, 0, 0, 0, 0, 0, 0, 0, 0, 0, 0, 13, 0, 0, 0, 0, 8, 10, 0, 0, 0, 6, 0, 0, 0, 1, 27, 0, 12, 0, 0, 11, 0, 0, 0, 0, 0, 0, 5, 4, 24, 46, 47, 0, 40, 7, 0, 0, 25, 48, 2, 0, 0, 0, 0, 56, 0, 0, 0, 0, 54, 32, 0, 63, 0, 0, 20, 64, 0, 73, 65, 0, 44, 58, 79, 0, 53, 0, 81, 76, 84, 74, 87)
prev_str2 <- c(0, 0, 0, 0, 0, 0, 0, 0, 0, 0, 0, 0, 0, 0, 0, 0, 16, 0, 0, 0, 0, 17, 3, 0, 0, 0, 23, 0, 0, 0, 19, 31, 0, 22, 0, 0, 15, 0, 0, 0, 0, 0, 0, 30, 26, 34, 29, 35, 0, 43, 9, 0, 0, 37, 49, 45, 0, 0, 0, 0, 41, 0, 0, 0, 0, 36, 55, 0, 61, 0, 0, 18, 72, 0, 60, 62, 0, 67, 78, 52, 0, 71, 0, 70, 80, 85, 77, 83)
binaryID <- rep("", length(nxt_str))
rid <- c(1, 2, 3, 4, 5, 6, 7, 8, 9, 10, 11, 12, 13, 14, 15, 16, 17, 18, 19, 20, 21, 22, 23, 24, 25, 26, 27, 28, 29, 30, 31, 32, 33, 34, 35, 36, 37, 38, 39, 40, 41, 42, 43, 44, 45, 46, 47, 48, 49, 50, 51, 52, 53, 54, 55, 56, 57, 58, 59, 60, 61, 62, 63, 64, 65, 66, 67, 68, 69, 70, 71, 72, 73, 74, 75, 76, 77, 78, 79, 80, 81, 82, 83, 84, 85, 86, 87)
binaryID[nxt_str==-1] <- '1'
binaryID
nxt_str==-1
nxt_str==-1
sum(nxt_str==-1)
1:sum(nxt_str==-1)
binaryID[nxt_str==-1] <- 1:sum(nxt_str==-1)
binaryID
nxt_str <- c(31, 56, 23, 45, 44, 27, 51, 22, 51, 23, 37, 34, 17, -1, 37, 17, 22, 72, 31, 72, -1, 34, 27, 46, 54, 45, 32, -1, 47, 44, 32, 67, -1, 46, 48, 66, 54, -1, -1, 50, 61, -1, 50, 78, 56, 47, 48, 55, 55, -1, -1, 80, 82, 66, 67, 61, -1, 79, -1, 75, 69, 76, 69, 73, 76, -1, 78, -1, -1, 84, 82, 73, 75, 87, -1, 85, 87, 79, 80, 85, 84, -1, 88, 86, 86, -1, 88, -1)
prev_str1 <- c(0, 0, 0, 0, 0, 0, 0, 0, 0, 0, 0, 0, 0, 0, 0, 0, 13, 0, 0, 0, 0, 8, 10, 0, 0, 0, 6, 0, 0, 0, 1, 27, 0, 12, 0, 0, 11, 0, 0, 0, 0, 0, 0, 5, 4, 24, 46, 47, 0, 40, 7, 0, 0, 25, 48, 2, 0, 0, 0, 0, 56, 0, 0, 0, 0, 54, 32, 0, 63, 0, 0, 20, 64, 0, 73, 65, 0, 44, 58, 79, 0, 53, 0, 81, 76, 84, 74, 87)
prev_str2 <- c(0, 0, 0, 0, 0, 0, 0, 0, 0, 0, 0, 0, 0, 0, 0, 0, 16, 0, 0, 0, 0, 17, 3, 0, 0, 0, 23, 0, 0, 0, 19, 31, 0, 22, 0, 0, 15, 0, 0, 0, 0, 0, 0, 30, 26, 34, 29, 35, 0, 43, 9, 0, 0, 37, 49, 45, 0, 0, 0, 0, 41, 0, 0, 0, 0, 36, 55, 0, 61, 0, 0, 18, 72, 0, 60, 62, 0, 67, 78, 52, 0, 71, 0, 70, 80, 85, 77, 83)
binaryID <- rep("", length(nxt_str))
rid <- c(1, 2, 3, 4, 5, 6, 7, 8, 9, 10, 11, 12, 13, 14, 15, 16, 17, 18, 19, 20, 21, 22, 23, 24, 25, 26, 27, 28, 29, 30, 31, 32, 33, 34, 35, 36, 37, 38, 39, 40, 41, 42, 43, 44, 45, 46, 47, 48, 49, 50, 51, 52, 53, 54, 55, 56, 57, 58, 59, 60, 61, 62, 63, 64, 65, 66, 67, 68, 69, 70, 71, 72, 73, 74, 75, 76, 77, 78, 79, 80, 81, 82, 83, 84, 85, 86, 87)
binaryID[nxt_str==-1] <- 1:sum(nxt_str==-1)
for(j in 1:length(nxt_str)){
for(i in 1:length(nxt_str)){
if(binaryID[i]>0){
if(prev_str1[i]>0){
binaryID[rid==prev_str1[i]] <- (paste0(binaryID[i], "0"))
}
if(prev_str2[i]>0){
binaryID[rid==prev_str2[i]] <- (paste0(binaryID[i], "1"))
}
}
}
}
binaryID
nxt_str <- c(31, 56, 23, 45, 44, 27, 51, 22, 51, 23, 37, 34, 17, -1, 37, 17, 22, 72, 31, 72, -1, 34, 27, 46, 54, 45, 32, -1, 47, 44, 32, 67, -1, 46, 48, 66, 54, -1, -1, 50, 61, -1, 50, 78, 56, 47, 48, 55, 55, -1, -1, 80, 82, 66, 67, 61, -1, 79, -1, 75, 69, 76, 69, 73, 76, -1, 78, -1, -1, 84, 82, 73, 75, 87, -1, 85, 87, 79, 80, 85, 84, -1, 88, 86, 86, -1, 88, -1)
prev_str1 <- c(0, 0, 0, 0, 0, 0, 0, 0, 0, 0, 0, 0, 0, 0, 0, 0, 13, 0, 0, 0, 0, 8, 10, 0, 0, 0, 6, 0, 0, 0, 1, 27, 0, 12, 0, 0, 11, 0, 0, 0, 0, 0, 0, 5, 4, 24, 46, 47, 0, 40, 7, 0, 0, 25, 48, 2, 0, 0, 0, 0, 56, 0, 0, 0, 0, 54, 32, 0, 63, 0, 0, 20, 64, 0, 73, 65, 0, 44, 58, 79, 0, 53, 0, 81, 76, 84, 74, 87)
prev_str2 <- c(0, 0, 0, 0, 0, 0, 0, 0, 0, 0, 0, 0, 0, 0, 0, 0, 16, 0, 0, 0, 0, 17, 3, 0, 0, 0, 23, 0, 0, 0, 19, 31, 0, 22, 0, 0, 15, 0, 0, 0, 0, 0, 0, 30, 26, 34, 29, 35, 0, 43, 9, 0, 0, 37, 49, 45, 0, 0, 0, 0, 41, 0, 0, 0, 0, 36, 55, 0, 61, 0, 0, 18, 72, 0, 60, 62, 0, 67, 78, 52, 0, 71, 0, 70, 80, 85, 77, 83)
binaryID <- rep("", length(nxt_str))
rid <- c(1, 2, 3, 4, 5, 6, 7, 8, 9, 10, 11, 12, 13, 14, 15, 16, 17, 18, 19, 20, 21, 22, 23, 24, 25, 26, 27, 28, 29, 30, 31, 32, 33, 34, 35, 36, 37, 38, 39, 40, 41, 42, 43, 44, 45, 46, 47, 48, 49, 50, 51, 52, 53, 54, 55, 56, 57, 58, 59, 60, 61, 62, 63, 64, 65, 66, 67, 68, 69, 70, 71, 72, 73, 74, 75, 76, 77, 78, 79, 80, 81, 82, 83, 84, 85, 86, 87)
binaryID[nxt_str==-1] <- paste0(1:sum(nxt_str==-1), "_")
for(j in 1:length(nxt_str)){
for(i in 1:length(nxt_str)){
if(binaryID[i]>0){
if(prev_str1[i]>0){
binaryID[rid==prev_str1[i]] <- (paste0(binaryID[i], "0"))
}
if(prev_str2[i]>0){
binaryID[rid==prev_str2[i]] <- (paste0(binaryID[i], "1"))
}
}
}
}
nxt_str <- c(31, 56, 23, 45, 44, 27, 51, 22, 51, 23, 37, 34, 17, -1, 37, 17, 22, 72, 31, 72, -1, 34, 27, 46, 54, 45, 32, -1, 47, 44, 32, 67, -1, 46, 48, 66, 54, -1, -1, 50, 61, -1, 50, 78, 56, 47, 48, 55, 55, -1, -1, 80, 82, 66, 67, 61, -1, 79, -1, 75, 69, 76, 69, 73, 76, -1, 78, -1, -1, 84, 82, 73, 75, 87, -1, 85, 87, 79, 80, 85, 84, -1, 88, 86, 86, -1, 88, -1)
prev_str1 <- c(0, 0, 0, 0, 0, 0, 0, 0, 0, 0, 0, 0, 0, 0, 0, 0, 13, 0, 0, 0, 0, 8, 10, 0, 0, 0, 6, 0, 0, 0, 1, 27, 0, 12, 0, 0, 11, 0, 0, 0, 0, 0, 0, 5, 4, 24, 46, 47, 0, 40, 7, 0, 0, 25, 48, 2, 0, 0, 0, 0, 56, 0, 0, 0, 0, 54, 32, 0, 63, 0, 0, 20, 64, 0, 73, 65, 0, 44, 58, 79, 0, 53, 0, 81, 76, 84, 74, 87)
prev_str2 <- c(0, 0, 0, 0, 0, 0, 0, 0, 0, 0, 0, 0, 0, 0, 0, 0, 16, 0, 0, 0, 0, 17, 3, 0, 0, 0, 23, 0, 0, 0, 19, 31, 0, 22, 0, 0, 15, 0, 0, 0, 0, 0, 0, 30, 26, 34, 29, 35, 0, 43, 9, 0, 0, 37, 49, 45, 0, 0, 0, 0, 41, 0, 0, 0, 0, 36, 55, 0, 61, 0, 0, 18, 72, 0, 60, 62, 0, 67, 78, 52, 0, 71, 0, 70, 80, 85, 77, 83)
binaryID <- rep("", length(nxt_str))
rid <- c(1, 2, 3, 4, 5, 6, 7, 8, 9, 10, 11, 12, 13, 14, 15, 16, 17, 18, 19, 20, 21, 22, 23, 24, 25, 26, 27, 28, 29, 30, 31, 32, 33, 34, 35, 36, 37, 38, 39, 40, 41, 42, 43, 44, 45, 46, 47, 48, 49, 50, 51, 52, 53, 54, 55, 56, 57, 58, 59, 60, 61, 62, 63, 64, 65, 66, 67, 68, 69, 70, 71, 72, 73, 74, 75, 76, 77, 78, 79, 80, 81, 82, 83, 84, 85, 86, 87)
binaryID[nxt_str==-1] <- paste0(1:sum(nxt_str==-1), "_1")
for(j in 1:length(nxt_str)){
for(i in 1:length(nxt_str)){
if(binaryID[i]>0){
if(prev_str1[i]>0){
binaryID[rid==prev_str1[i]] <- (paste0(binaryID[i], "0"))
}
if(prev_str2[i]>0){
binaryID[rid==prev_str2[i]] <- (paste0(binaryID[i], "1"))
}
}
}
}
binaryID
library(stringr)
str_split(binaryID, "_")
do.call("rbind",str_split(binaryID, "_"))
split(do.call("rbind",str_split(binaryID, "_")))
data.frame(rid, do.call("rbind",str_split(binaryID, "_")))
rid <- c(1, 2, 3, 4, 5, 6, 7, 8, 9, 10, 11, 12, 13, 14, 15, 16, 17, 18, 19, 20, 21, 22, 23, 24, 25, 26, 27, 28, 29, 30, 31, 32, 33, 34, 35, 36, 37, 38, 39, 40, 41, 42, 43, 44, 45, 46, 47, 48, 49, 50, 51, 52, 53, 54, 55, 56, 57, 58, 59, 60, 61, 62, 63, 64, 65, 66, 67, 68, 69, 70, 71, 72, 73, 74, 75, 76, 77, 78, 79, 80, 81, 82, 83, 84, 85, 86, 87)
rid
rid <- c(1, 2, 3, 4, 5, 6, 7, 8, 9, 10, 11, 12, 13, 14, 15, 16, 17, 18, 19, 20, 21, 22, 23, 24, 25, 26, 27, 28, 29, 30, 31, 32, 33, 34, 35, 36, 37, 38, 39, 40, 41, 42, 43, 44, 45, 46, 47, 48, 49, 50, 51, 52, 53, 54, 55, 56, 57, 58, 59, 60, 61, 62, 63, 64, 65, 66, 67, 68, 69, 70, 71, 72, 73, 74, 75, 76, 77, 78, 79, 80, 81, 82, 83, 84, 85, 86, 87, 88)
data.frame(rid, do.call("rbind",str_split(binaryID, "_")))
tmp <- data.frame(rid, do.call("rbind",str_split(binaryID, "_")))
nmaes(tmp) <- c("rid", "netId", "binaryId")
names(tmp) <- c("rid", "netId", "binaryId")
tmp
split(tmp)
split(tmp, tmp$netId)
tmp
?desc
?arrange
library(dplyr)
?desc
?arrange
arrange(tmp, netId, binaryId)
arrange(tmp, netId, nchar(binaryId))
tmp
tmp[,3]
tmp <- data.frame(rid, do.call("rbind",str_split(binaryID, "_")))
names(tmp) <- c("rid", "netId", "binaryId")
tmp$binaryId <- as.character(tmp$binaryId)
arrange(tmp, netId, nchar(binaryId))
dplyr::arrange(tmp, netId, nchar(binaryId))
i=23
prev_str1[i]
rid==prev_str1[i]
i=72
binaryID[i]
binaryID[nxt_str==-1] <- paste0(1:sum(nxt_str==-1), "_1")
binaryID[i]
binaryID <- rep("", length(nxt_str))
binaryID[nxt_str==-1] <- paste0(1:sum(nxt_str==-1), "_1")
binaryID[i]
prev_str1[i]
binaryID
i=86
binaryID[i]
prev_str1[i]
binaryID
binaryID[nxt_str==-1] <- paste0(1:sum(nxt_str==-1), "_1")
for(j in 1:length(nxt_str)){
for(i in 1:length(nxt_str)){
if(binaryID[i]>0){
if(prev_str1[i]>0){
binaryID[rid==prev_str1[i]] <- (paste0(binaryID[i], "0"))
}
if(prev_str2[i]>0){
binaryID[rid==prev_str2[i]] <- (paste0(binaryID[i], "1"))
}
}
}
}
binaryID
rmd2md("~/Desktop/test.Rmd")
source('~/Documents/johnDorian.github.io/rmd2md.r')
rmd2md("~/Desktop/test.Rmd")
dir()
rmd2md()
rmd2md()
501.08-7.40
library(ggsnippets)
help(package=ggsnippets)
rmd2md()
rmd2md()
rmd2md()
rmd2md()
?facet_wrap_labeller
rmd2md()
rmd2md()
rmd2md()
rmd2md()
rmd2md()
library(ggplot2)
library(ggsnippets)
x_cars <- data.frame(cars, variable = sample(letters[1:5],
50,
replace = TRUE))
plt <- ggplot() + geom_point(aes(speed, dist), x_cars) +
facet_wrap(~variable, ncol=1)
plt
print(facet_wrap_labeller(plt, labels = c(expression(a^2),
expression(b[1]),
expression(frac(c,2)),
"d",
expression(infinity))))
facet_wrap_labeller(plt, labels = c(expression(a^2),
expression(b[1]),
expression(frac(c,2)),
"d",
expression(infinity)))
library(gridExtra)
facet_wrap_labeller(plt, labels = c(expression(a^2),
expression(b[1]),
expression(frac(c,2)),
"d",
expression(infinity)))
rmd2md()
?g_legends
?g_legend
rmd2md()
rmd2md()
rmd2md()
?rbind_ggplot_timeseries
rmd2md()
data(breamar)
data(breamardata)
breamardata
rmd2md()
rmd2md()
rmd2md()
source('~/Documents/johnDorian.github.io/rmd2md.r')
rmd2md()
files
path_site = getwd()
source('~/.active-rstudio-document')
path_site = getwd()
rmd2md()
source('~/.active-rstudio-document')
source('~/.active-rstudio-document')
rmd2md()
source('~/Documents/johnDorian.github.io/rmd2md.r')
rmd2md()
source('~/.active-rstudio-document')
source('~/Documents/johnDorian.github.io/rmd2md.r')
source('~/.active-rstudio-document')
rmd2md()
